,setnumber,Title,id,danceability,energy,key,loudness,mode,speechiness,acousticness,instrumentalness,liveness,valence,tempo
0,1,Tek It,751srcHf5tUqcEa9pRCQwP,0.423,0.913,8,-5.354,1,0.0655,6.53e-05,0.0,0.269,0.596,146.995
1,2,Pasoori,7lvDsmTRXFE3dK4OjvRiWB,0.714,0.596,11,-6.206,0,0.043,0.0657,0.0,0.0625,0.669,91.991
2,3,As It Was,4LRPiXqCikLlN15c3yImP7,0.52,0.731,6,-5.338,0,0.0557,0.342,0.00101,0.311,0.662,173.93
3,4,Gökyüzünü Tutamam,4O9hcXs1ohtbw4xnMU8wfo,0.471,0.671,2,-9.569,0,0.16,0.0801,0.00965,0.136,0.637,176.104
4,5,RAVE,01kfSdF9zfcDLri5sSWEoL,0.716,0.748,8,-6.06,1,0.0356,0.235,0.849,0.114,0.338,119.918
5,6,Bi' Tek Ben Anlarım,7toL7Re9rApzIuIFDaLQSe,0.66,0.529,7,-10.502,1,0.0762,0.0828,0.00144,0.099,0.318,96.009
6,7,EVA & MIA,2FuWptjK1pc0rkVpF5O0CG,0.78,0.636,7,-5.698,0,0.0568,0.288,0.0,0.121,0.803,129.065
7,8,Dicht im Flieger,6sS77FZh2eJfYBsFUW6hjI,0.607,0.958,8,-1.131,1,0.0866,0.0412,0.0,0.259,0.404,136.036
8,9,Aulas e Cursos,2ABBlgwXo68orcunvBYYiY,0.761,0.571,6,-10.133,0,0.0349,0.0592,0.0,0.175,0.628,113.985
9,10,Kwaku the Traveller,7pXNFEzqeZB8rIbcFtYTop,0.64,0.552,0,-7.327,0,0.354,0.0764,0.0,0.107,0.318,135.241
10,11,10 Things I Hate About You,6Jkm5kUldvIqxzI1Pa7nXH,0.544,0.786,8,-2.97,1,0.0501,0.00991,0.0,0.169,0.446,153.967
11,12,A Man Without Love,0oUBuOO4g9P4lREqfqR5nq,0.538,0.467,2,-9.589,1,0.0327,0.637,0.0,0.115,0.507,111.766
12,13,Until I Found You,0T5iIrXA4p5GsubkhuBIKV,0.539,0.508,10,-6.05,1,0.0288,0.727,0.0,0.174,0.227,101.358
13,14,Soy El Unico,6HJIZUOiZDE814XMhRGSZN,0.708,0.449,4,-4.369,0,0.0286,0.451,0.0,0.111,0.63,84.396
14,15,Rainfall,1M8t1j3Kv2qp97bdq5q4Vl,0.767,0.862,5,-5.464,0,0.0606,0.14,0.0092,0.252,0.509,128.039
15,16,ULTRA SOLO,0OTNHGKcqQbk51bOYe462Y,0.802,0.846,1,-4.495,1,0.207,0.233,1.92e-05,0.114,0.26,109.982
16,17,Your Existence,2tmX4T7ODY34NwvQ3DD3MC,0.418,0.603,7,-9.379,1,0.204,0.536,2.52e-05,0.11,0.657,100.171
17,18,Yaralarını Ben Sarayım,2pTwhAbZHkM1CyDYe1k8hl,0.578,0.298,9,-14.289,0,0.0281,0.595,0.000139,0.119,0.321,139.993
18,19,Préstame Tu Corazón,1bnSKjuPEd8FPACxqA5Mos,0.606,0.29,2,-9.84,0,0.0378,0.65,0.0,0.0809,0.643,144.583
19,20,Langit Favorit,3wFWiWUWoOSIDs6gRnrTge,0.287,0.299,9,-10.692,1,0.0281,0.489,0.0464,0.126,0.281,81.1
20,21,Yara,1IquNFg2RRH1CLRAHNVgQ9,0.7,0.493,4,-11.273,0,0.0456,0.443,0.0,0.28,0.462,110.989
21,22,Hiç İyi Değilim,2w5SV2BYwU4FVKBkFYlCU2,0.485,0.826,3,-5.982,0,0.0422,0.0016,0.00227,0.151,0.375,156.193
22,23,"Balling (feat. Songer, Mr Traumatik, Devilman & OneDa) - Edit",2WObGIQXhjveq6yuXvf6VQ,0.819,0.741,9,-4.778,1,0.0968,0.0569,0.0,0.159,0.514,87.016
23,24,San Lucas,75UMtPC77vqKRwfSuYuNPO,0.577,0.363,7,-12.378,1,0.0263,0.86,0.000282,0.0868,0.265,91.511
24,25,"Love, Maybe",2X45nVBeYzmDlrXji9Av0Q,0.402,0.731,8,-3.529,1,0.0693,0.508,0.0,0.146,0.631,171.594
25,26,Birader,3MlvEOpAgoyTx3wIx3Qdbl,0.776,0.572,9,-10.356,0,0.173,0.79,0.000122,0.0948,0.306,115.069
26,27,Desde Mis Ojos,55b9ywCCjdMt4p0rrDWZGp,0.561,0.432,1,-7.207,1,0.22,0.547,1.27e-06,0.119,0.504,188.091
27,28,KAWAII,46AX8pgh331m7C7q2t9Jra,0.767,0.692,10,-4.876,0,0.101,0.02,0.00104,0.343,0.41,83.053
28,29,Slow Motion,493QaNbrvbEiQdPH9hDP6z,0.733,0.479,11,-9.27,0,0.301,0.575,0.00053,0.0831,0.485,88.742
29,30,Love Me Back (Fayahh Beat),5ZF6l3xKi3m6YK2dDXAsR5,0.602,0.612,8,-8.115,1,0.0465,0.0325,0.00943,0.147,0.692,95.161
30,31,Tom's Diner,0oA9wBGDY4uyILLg4GymWP,0.68,0.428,6,-8.107,0,0.135,0.376,0.000344,0.355,0.334,98.222
31,32,Son Durağın,63PJ7AVOjL5WcaYmPxiblX,0.609,0.521,1,-10.147,0,0.0415,0.0537,4.98e-06,0.137,0.684,126.016
32,33,Ferrari,4zN21mbAuaD0WqtmaTZZeP,0.847,0.69,1,-7.877,0,0.0493,0.0127,6e-05,0.0526,0.692,125.004
33,34,Me Arrepentí,40w8JmvwYUP2HUiXPxjy99,0.861,0.786,0,-4.934,1,0.164,0.289,0.0,0.601,0.907,92.031
34,35,Fuera del mercado,1UdzJEpgJxtuXAlCOvD4S0,0.453,0.673,8,-5.649,1,0.144,0.32,0.0,0.131,0.266,92.06
35,36,Anla,5SFBaOi2ELB2P5tFzmcD73,0.594,0.452,4,-8.709,0,0.242,0.0929,5.54e-06,0.112,0.707,165.9
36,37,No Ouvidinho,4QWumyD2uwiePBBha9XBHI,0.885,0.834,3,-3.374,1,0.0394,0.403,3.22e-05,0.0865,0.84,124.018
37,38,Kafile,4PTjzk0gb6st9Lk5kKBnc6,0.573,0.749,9,-6.007,1,0.0275,0.0542,0.0,0.37,0.751,100.016
38,39,We'll Never Have Sex,4zXuYQNDmw3dlauyc8q3Kd,0.365,0.07,2,-17.095,1,0.0838,0.959,0.000977,0.111,0.443,174.053
39,40,Stressed Out,28SW36Bv0nTie4UsDeGXD7,0.789,0.749,0,-5.995,0,0.0458,0.174,3.08e-06,0.0806,0.822,117.935
40,41,Acabei de Terminar - Ao Vivo,3jPp5Aukksz9Ir0gZy6lZM,0.642,0.82,1,-4.519,0,0.137,0.33,0.0,0.671,0.612,142.759
41,42,Hati-Hati di Jalan,2hHeGD57S0BcopfVcmehdl,0.643,0.436,6,-11.322,1,0.0357,0.702,0.0889,0.115,0.755,71.969
42,43,Chaand Baaliyan,0snQrp1VaY5Pj1YIHRJpRJ,0.729,0.396,0,-8.98,1,0.0359,0.796,0.0,0.104,0.886,97.281
43,44,Still Life,3TSLqZssCoCdDlMhCJ08XW,0.68,0.584,8,-4.457,1,0.034,0.443,0.0,0.0628,0.239,118.06
44,45,Feragât,72EjrX3xp4Ea2nhQRY6LMI,0.725,0.456,5,-11.129,0,0.0632,0.545,0.0,0.535,0.727,107.012
45,46,Angel Baby,2m6Ko3CY1qXNNja8AlugNc,0.559,0.559,11,-6.425,1,0.0358,0.0145,0.0,0.138,0.338,72.498
46,47,Numero 1,6HXvazdtAr9hy0kThzxrE3,0.842,0.729,8,-4.404,1,0.0753,0.0991,6.71e-06,0.0695,0.96,89.978
47,48,ARASAN DA,72jYQj3RgTR1DFLfibD71B,0.742,0.832,10,-6.812,1,0.156,0.425,0.242,0.108,0.441,105.978
48,49,Ang Wakas (feat. Trisha Macapagal),5yu0lVVW68f5VIzdjIJVQ6,0.62,0.419,7,-6.334,1,0.0262,0.571,1.94e-05,0.0883,0.205,134.93
49,50,cinderella's dead,5MWXOo8DJwgODtPGaietNz,0.596,0.607,6,-6.179,0,0.168,0.33,0.0,0.103,0.531,119.882
