,setnumber,Title,id,danceability,energy,key,loudness,mode,speechiness,acousticness,instrumentalness,liveness,valence,tempo
0,1,"Paulo Londra: Bzrp Music Sessions, Vol. 23",2uky0VCI2EZni0nArOPznM,0.456,0.91,0,-2.659,1,0.136,0.256,0.0,0.0921,0.329,95.927
1,2,PROVENZA,7dSZ6zGTQx66c2GF91xCrb,0.87,0.516,1,-8.006,1,0.0541,0.656,0.00823,0.11,0.53,111.005
2,3,Una Noche en Medellín,1O2pcBJGej0pmH2Y9XZMs6,0.87,0.548,10,-5.253,0,0.077,0.0924,4.6e-05,0.0534,0.832,96.018
3,4,MAMIII,1ri9ZUkBJVFUdgwzCnfcYs,0.843,0.7,4,-3.563,0,0.0803,0.0934,0.0,0.14,0.899,93.991
4,5,Fuera del mercado,1UdzJEpgJxtuXAlCOvD4S0,0.453,0.673,8,-5.649,1,0.144,0.32,0.0,0.131,0.266,92.06
5,6,Te Felicito,2rurDawMfoKP4uHyb2kJBt,0.695,0.636,5,-4.654,1,0.317,0.234,0.0,0.081,0.575,174.14
6,7,Desesperados,6ZOcbKub95XSDESsKKuH41,0.869,0.694,1,-3.35,0,0.0783,0.356,0.00125,0.0878,0.511,90.02
7,8,Envolver,3IAfUEeaXRX9s9UdKOJrFI,0.812,0.736,4,-5.421,0,0.0833,0.152,0.00254,0.0914,0.396,91.993
8,9,Mojando Asientos (feat. Feid),0LKu09Iq053CEUZ5ktQEWc,0.773,0.767,7,-4.019,1,0.0819,0.0352,0.0,0.299,0.49,94.99
9,10,RUMBATÓN,3XjN0mvFkQp1FMVM9Ro5hm,0.685,0.909,3,-4.034,0,0.0396,0.0471,0.0,0.35,0.922,95.004
10,11,Sigue,0bBd6K5X4W7t9GyXcaVOA7,0.889,0.641,7,-4.494,1,0.0668,0.0515,2.75e-05,0.19,0.588,87.99
11,12,Jordan,2rDZhKnPaPG054ExZ6nXUS,0.796,0.68,10,-5.555,0,0.37,0.0575,0.000683,0.103,0.71,179.923
12,13,Sensual Bebé,1xqbfjRuUw0ot43wgBuVkt,0.776,0.629,0,-6.09,1,0.0505,0.0268,0.0,0.114,0.104,97.066
13,14,Medallo,6lX6l7OuA3qrnIRfdsr0dw,0.787,0.7,4,-4.598,0,0.0768,0.568,0.00051,0.663,0.791,90.02
14,15,MUSEO,6WfxIJKmYRSpsBJv0tEAKX,0.793,0.449,0,-7.212,1,0.047,0.763,0.0,0.165,0.322,108.937
15,16,X ÚLTIMA VEZ,48AJSd42lXpicsGqcgopof,0.812,0.855,7,-3.725,1,0.0554,0.0789,0.000167,0.108,0.573,90.04
16,17,Marte,1uK5rDY3BnikyG0sl3tPpc,0.704,0.604,5,-5.254,1,0.0556,0.067,0.0,0.126,0.642,90.028
17,18,12x3,0HINQFSerZ6iMfSsaTO3G5,0.869,0.727,2,-4.956,1,0.121,0.00118,6.97e-05,0.183,0.613,93.989
18,19,Plan A,2gpQi3hbcUAcEG8m2dlgfB,0.583,0.834,0,-4.875,1,0.0444,0.0495,0.0,0.0658,0.557,173.935
19,20,Apretaito,0cW5cXANjlv8hgLAQwdvgE,0.84,0.742,5,-4.337,1,0.0487,0.0735,3.11e-05,0.053,0.718,88.001
20,21,Una Nota,7iqOIHHEmu6Vhw25GgQ2eA,0.662,0.788,3,-4.55,0,0.205,0.0191,0.0,0.0559,0.711,179.876
21,22,SEJODIOTO,704LUEih663hiE3CnyUrFW,0.822,0.736,1,-3.969,1,0.15,0.157,0.000781,0.0748,0.679,175.93
22,23,LA INOCENTE,5jt25aFjW2kNoBqaEVaz5W,0.757,0.789,5,-3.46,0,0.0583,0.307,0.0,0.0717,0.464,91.911
23,24,ULTRA SOLO,0OTNHGKcqQbk51bOYe462Y,0.802,0.846,1,-4.495,1,0.207,0.233,1.92e-05,0.114,0.26,109.982
24,25,Desde Mis Ojos,55b9ywCCjdMt4p0rrDWZGp,0.561,0.432,1,-7.207,1,0.22,0.547,1.27e-06,0.119,0.504,188.091
25,26,Se Le Ve,5W1qmxHrMlQGGAiFA3ZQqP,0.562,0.755,7,-4.367,0,0.112,0.0967,2.25e-05,0.143,0.609,83.997
26,27,Nostálgico,2BEcap3xJtmiPaHKyfQi4e,0.734,0.846,9,-3.425,0,0.0489,0.166,1.74e-06,0.235,0.604,98.026
27,28,Problemón,2Q4MRMnSAMckugCtR5jgXT,0.729,0.737,2,-3.727,0,0.064,0.275,7.58e-06,0.137,0.369,91.99
28,29,Soy El Unico,6HJIZUOiZDE814XMhRGSZN,0.708,0.449,4,-4.369,0,0.0286,0.451,0.0,0.111,0.63,84.396
29,30,Tacones Rojos,0Be7sopyKMv8Y8npsUkax2,0.748,0.856,11,-3.517,0,0.0348,0.0824,0.0,0.142,0.927,123.031
30,31,Mon Amour - Remix,5TMLavqGRKNxgzMBrVpC9R,0.748,0.761,2,-6.621,1,0.102,0.122,6.56e-06,0.0984,0.362,116.041
31,32,cuatro veinte,1TpZKxGnHp37ohJRszTSiq,0.761,0.696,7,-3.817,0,0.0505,0.0811,6.25e-05,0.101,0.501,95.066
32,33,Pantysito,4srcMdbm2qzVG98tJajHxp,0.83,0.739,7,-5.395,0,0.0627,0.136,2.11e-06,0.162,0.631,97.993
33,34,CANDY,70AYiGbc4mWZGEqiipBBDb,0.638,0.49,4,-5.726,0,0.226,0.885,0.0116,0.156,0.403,179.905
34,35,Llévatelo,53RLjHptrKflawOuGru1xM,0.824,0.582,0,-6.093,1,0.0435,0.0597,0.0106,0.163,0.949,101.974
35,36,Pégate,3E8xyYdIPpiH2wNEozE68I,0.83,0.818,7,-5.028,1,0.0552,0.306,0.0,0.0906,0.828,98.008
36,37,ARRANCARMELO,2x8oBuYaObjqHqgGuIUZ0b,0.654,0.354,5,-7.358,1,0.0738,0.724,0.0,0.134,0.262,81.956
37,38,Ojos Rojos,5hYRabCQuFZN8yVCQsSeyF,0.789,0.763,9,-4.404,1,0.0858,0.0269,5.04e-05,0.153,0.251,98.019
38,39,Sus Huellas,2NTMjOwveAazm5GS2wgDgw,0.822,0.781,11,-4.687,1,0.0513,0.0778,0.0,0.0993,0.887,126.04
39,40,DANÇARINA,5zNxUkUW9WiV5oyg6gh2wB,0.778,0.571,9,-4.776,0,0.0788,0.0423,0.0,0.0964,0.554,134.999
40,41,Hasta Los Dientes,2U0jWXrxJUzWVlLsHttAXJ,0.831,0.697,1,-5.298,0,0.0483,0.175,0.0,0.0757,0.964,120.047
41,42,Borracho,0rsTDgGRlXKuzSAxcdb4Ns,0.787,0.748,8,-3.752,0,0.0797,0.571,0.0,0.214,0.703,93.006
42,43,Chale,74WROFXsox6wkeUrEK2DS6,0.551,0.436,8,-8.029,1,0.0428,0.395,0.0,0.0719,0.862,188.651
43,44,Entre Nosotros (Remix) [con Nicki Nicole],4TGwERXRlyQtBdggYTHo6j,0.7,0.438,5,-5.784,0,0.0433,0.401,0.0,0.373,0.605,170.106
44,45,No Te Deseo el Mal,6O4z17Q6EK35AUOPRbj1mc,0.886,0.482,7,-9.882,1,0.175,0.396,0.0,0.115,0.568,124.956
45,46,TE DESEO LO MEJOR,23XjN1s3DZC8Q9ZwuorYY4,0.763,0.597,1,-5.054,1,0.0416,0.158,1.83e-05,0.111,0.194,126.054
46,47,Mujeriego,78kygHp1dvW1kncYjBgbe1,0.758,0.621,9,-8.033,1,0.125,0.0628,0.0,0.0809,0.92,79.949
47,48,Si Quieren Frontear,6bQ5823aHmFVKLZW8E7rRo,0.789,0.837,10,-3.247,1,0.23,0.125,0.0,0.209,0.476,81.536
48,49,Lo Siento BB:/ (with Bad Bunny & Julieta Venegas),4gzsuuZypVbxs0Af1LSZyB,0.639,0.703,4,-6.33,0,0.0794,0.0889,1.78e-06,0.0865,0.138,169.888
49,50,Vacaciones,5a1uP3YHcvb4XkucSQGC1c,0.711,0.748,7,-4.044,1,0.0831,0.13,0.0,0.546,0.844,167.972
