,setnumber,Title,id,danceability,energy,key,loudness,mode,speechiness,acousticness,instrumentalness,liveness,valence,tempo
0,1,Honest (feat. Don Toliver),2KdKh9vHbKW0tZLqtpxxI0,0.81,0.655,8,-6.779,0,0.0698,0.127,8.16e-05,0.105,0.809,150.002
1,2,WAIT FOR U (feat. Drake & Tems),59nOXPmaKlBfGMDeOVGrIK,0.463,0.642,1,-4.474,1,0.34,0.314,0.0,0.0686,0.339,83.389
2,3,everything,6pyM30WDpG70VTfwoQg4m2,0.388,0.448,8,-5.221,0,0.0341,0.851,0.0,0.302,0.397,142.342
3,4,Love Me More,16MQETUgqXwY4lZcyRafU3,0.791,0.439,10,-5.62,1,0.0645,0.302,1.85e-05,0.126,0.559,85.004
4,5,Frozen,19n0UZuW8AArMVWNztoXu9,0.514,0.65,6,-8.867,1,0.499,0.138,0.0,0.103,0.236,127.428
5,6,Goin Up,1wNdGz7BlB9kH5lDc1eLLb,0.732,0.672,10,-8.462,0,0.148,0.0642,0.0,0.121,0.16,137.03
6,7,Lie Again,6LL5S3DGrUJ6cZRuDefguP,0.431,0.349,7,-9.426,1,0.0325,0.434,7.02e-05,0.241,0.165,62.627
7,8,Maybe You’re The Problem,0sb8ClU3CLoNblxkpmOKzA,0.53,0.835,9,-3.69,1,0.11,0.0453,0.0,0.0637,0.471,166.02
8,9,See you Soon,5W5N23Xz1Zk6Qi8wkP8UPM,0.593,0.544,2,-7.644,1,0.0257,0.476,0.602,0.324,0.112,103.989
9,10,ESTILAZO,3S6VRZQYwuPIllMmYdAj66,0.977,0.816,6,-3.656,1,0.0531,0.00532,8.52e-06,0.172,0.645,116.021
10,11,Certified (feat. Gunna),31xA2Iti4kb3aMiX75e8Y5,0.664,0.559,6,-7.568,0,0.075,0.139,0.0,0.303,0.548,153.95
11,12,No Handoutz (feat. Yeat),1jkHLTFc1j6HMHnaGq8QCH,0.694,0.622,8,-6.739,1,0.237,0.00603,0.0,0.208,0.339,133.914
12,13,Skyline,1QxIFMs4M8qd5cbJJu80v4,0.733,0.653,11,-6.094,1,0.0391,0.0179,0.0218,0.184,0.752,119.996
13,14,In The Stars,1ei3hzQmrgealgRKFxIcWn,0.362,0.54,10,-6.031,1,0.0528,0.338,0.0,0.139,0.3,78.007
14,15,Unconditional I (Lookout Kid),0Zd9Nub5lwmzSBoWaVOWrP,0.486,0.68,11,-8.911,1,0.0313,0.0222,0.000132,0.171,0.532,97.502
15,16,Sleep Tight,0YAmsr4FqG6on8KNfwxx76,0.526,0.641,7,-5.653,1,0.0644,0.486,0.00543,0.0885,0.563,173.908
16,17,Need U - Spotify Singles,6Ww581O9pklqs42MN4Da6q,0.745,0.772,11,-5.161,0,0.0497,0.0642,1.69e-06,0.23,0.788,121.98
17,18,"Paulo Londra: Bzrp Music Sessions, Vol. 23",2uky0VCI2EZni0nArOPznM,0.456,0.91,0,-2.659,1,0.136,0.256,0.0,0.0921,0.329,95.927
18,19,whatever u like,4tv72g5KnIy4XbyDBhEFgA,0.615,0.484,2,-9.938,1,0.045,0.361,1.11e-05,0.154,0.489,91.92
19,20,Krazy Krazy,6ZjP85QdIaiTojLrKixvbT,0.593,0.818,11,-5.332,1,0.306,0.00207,7.57e-06,0.291,0.385,162.036
20,21,"LOCK IT UP (feat. Yeat, midwxst & Matt Ox)",3LkWdvgrJtFuM0ZoXKPlpH,0.741,0.787,1,-3.653,1,0.0373,0.0114,0.0,0.261,0.296,122.978
21,22,GUCCI BAG,08G63QA6FMXwaABEN6syRb,0.871,0.455,1,-12.451,1,0.108,0.396,0.267,0.0873,0.603,93.03
22,23,Peter Pan Was Right,2At18rPHOuTEjGEppwGV0A,0.661,0.517,5,-7.74,1,0.0406,0.223,0.0,0.116,0.241,84.014
23,24,Summer In New York,5kyJ6sznnWACqHbw65p34Q,0.706,0.77,10,-6.224,0,0.0653,0.397,1.84e-05,0.209,0.967,117.075
24,25,Caution,5aU5htHGCvb5ZGUvMm6nAF,0.773,0.671,9,-6.571,1,0.0724,0.227,0.0,0.205,0.428,130.002
25,26,Millennium,3G1nE9ZEv4eGEM48IAIv8u,0.687,0.691,2,-6.743,1,0.0378,0.325,0.000153,0.12,0.831,98.055
26,27,Never Again,4XkCSv4XGYhVoPu3lGjHLs,0.449,0.406,11,-11.983,0,0.374,0.855,0.0142,0.102,0.396,103.507
27,28,In The Club,1MRvZ3PMsd86Kul6xINAze,0.59,0.622,10,-7.537,1,0.0803,0.654,0.0,0.425,0.311,89.909
28,29,Tourist,5JyuDFjH9PjB1FHbkIdT8m,0.659,0.737,10,-7.768,1,0.0614,0.216,3.95e-06,0.336,0.495,96.974
29,30,Death n' Taxes,1g7IP3DUgprNzIljpsdAun,0.593,0.324,10,-12.781,0,0.0585,0.521,0.00169,0.113,0.293,88.335
30,31,Give Me a Kiss,4KACV2cI5E9qOn6POkKR0p,0.726,0.359,9,-9.15,1,0.0358,0.341,3.27e-05,0.17,0.138,99.925
31,32,Mine O' Mine,5zyxYOyV7Bt4srefSOfJN8,0.679,0.842,5,-6.751,1,0.0337,0.00191,0.00131,0.341,0.223,128.026
32,33,Love You Back,5wM6LOw2U6XeIFHfsgI6wU,0.51,0.715,11,-7.462,1,0.0366,0.00485,0.000115,0.0918,0.238,106.029
33,34,Big Lyfe,6wEPrD0SJCskcRE8n7zzMD,0.501,0.644,4,-6.235,0,0.143,0.189,0.0,0.193,0.224,132.012
34,35,Can't Stop Us Now,6SOuxyJH5glKeDSFUJJ5tX,0.654,0.877,6,-4.818,0,0.0996,0.00837,1.1e-06,0.371,0.909,126.082
35,36,You Never Did,0Mb3U8NLdsFjkq28dGeMUF,0.398,0.872,9,-4.241,1,0.0539,0.0152,0.0,0.115,0.624,190.203
36,37,New Normal,62sWTVzpcujJtb4E5B3K07,0.708,0.403,9,-9.858,1,0.0357,0.473,1.54e-06,0.326,0.497,131.949
37,38,u love u (feat. JVKE),1Wu5ERJDVhEUDKSim34CnP,0.793,0.462,8,-8.147,1,0.132,0.211,0.0,0.558,0.754,160.115
38,39,It Is What It Is,2kHcMUgIqU3t87wjoGhrd6,0.691,0.741,4,-5.617,1,0.288,0.0868,0.0,0.109,0.318,161.917
39,40,Savage,76A1RRDEyHKtmV3Vh6PeVN,0.694,0.7,0,-5.53,0,0.0488,0.191,0.0,0.0719,0.261,127.965
40,41,ESCAPE (feat. KUČKA),3zRdNrpHq89K6P28shuM0w,0.435,0.769,5,-3.615,0,0.0822,0.0774,0.0653,0.298,0.479,92.885
41,42,One and Only,3nQcCZarfJoDbebUXa9hxa,0.682,0.744,7,-5.288,1,0.0355,0.3,0.0814,0.459,0.782,124.058
42,43,Serotonin,7qGTqLLIHXStOkmnSkZAbY,0.552,0.711,11,-4.839,0,0.0646,0.0455,0.0,0.371,0.54,164.073
43,44,Oh Oh,0aA3U4en3uNGEE3lQX3gfu,0.783,0.419,1,-9.778,1,0.0677,0.204,0.0,0.108,0.445,144.971
44,45,Dog Food (feat. Denzel Curry),478bNaXnrz0uF2AwVl4gyT,0.704,0.893,7,-5.403,1,0.0571,0.00301,1.82e-05,0.571,0.367,105.018
45,46,Plenty,2ss1LPi7nbrzUKjxsRxkWH,0.759,0.493,1,-5.526,0,0.209,0.178,0.0,0.105,0.255,76.985
46,47,Brisa,5xhFO6kaUjGcSezSp5hIhG,0.817,0.932,11,-4.232,0,0.0467,0.0938,0.0284,0.0792,0.396,126.008
47,48,prom,1EtWJJbvPfmNsVDGOhTtSG,0.413,0.323,1,-11.281,1,0.0469,0.179,9.19e-05,0.243,0.111,152.839
48,49,Demon,2LnQSUceWUnowlkQTfOMVy,0.459,0.828,7,-5.998,1,0.143,0.00809,0.000542,0.098,0.526,191.445
49,50,victim of nostalgia,6oHXQQLzea4keyHSbFUxtS,0.671,0.818,6,-4.89,1,0.03,0.00288,0.00132,0.0368,0.85,119.021
50,51,self sabotage,7A2TOQVHBgIiqmhtP0yC0L,0.592,0.506,2,-7.049,1,0.0453,0.692,8.61e-05,0.142,0.242,135.947
51,52,If We’ll Ever Be Remembered,6wnzt59p7i8cAyuWl1avwr,0.502,0.554,10,-5.788,1,0.0317,0.0353,0.0,0.62,0.512,125.786
52,53,Behind The Sun,7tRXTDi87CiAqU5sIBQfIC,0.597,0.926,6,-3.746,0,0.0553,0.00583,0.608,0.125,0.364,140.045
53,54,Duntsane,3xySxvtSaRaxQ4nr2VCWEc,0.63,0.551,11,-6.504,1,0.417,0.0558,0.0,0.126,0.363,149.894
54,55,Flags To The Sky (feat. YoungBoy Never Broke Again),34nGTjKinQV46a8C8T2HfY,0.609,0.528,6,-7.385,0,0.401,0.182,0.0,0.239,0.605,141.966
55,56,Dancing Queen,65HXJWOYBX2pFpdtusWRiV,0.908,0.559,11,-6.329,1,0.333,0.00656,0.0,0.234,0.616,143.993
56,57,how could you do this to me feat. Kellin Quinn from Sleeping With Sirens,6jhBI8HZ1qxetz13hjL1PE,0.501,0.853,4,-6.677,0,0.113,0.0123,1.66e-05,0.411,0.27,96.025
57,58,It Ain't Over,46NnMrWFwS0P6HyJ8tgNi8,0.756,0.555,2,-7.406,1,0.0355,0.0317,2.02e-06,0.295,0.513,119.974
58,59,Everybody Needs a Song,75vHaYeWPXNSEytZzxIFXw,0.524,0.858,10,-4.154,1,0.0437,0.0922,0.0,0.246,0.685,143.941
59,60,Starstruck,1J3aj2c8KMR5lgc3l46gXV,0.646,0.787,0,-4.642,1,0.036,0.143,7.27e-05,0.207,0.623,91.003
60,61,Heaven,4hpGHoJuJTtAqq9pkevLp6,0.566,0.353,2,-7.624,1,0.033,0.52,0.0,0.11,0.394,127.531
61,62,EVER AGAIN,6bVFrhyMHTWzRe5v5RTnSA,0.641,0.758,11,-6.567,0,0.0428,0.0158,0.0,0.188,0.527,156.958
62,63,FALLEN STAR (feat. Y2K),2e3XcLWd1SzB5jlJu53blm,0.643,0.672,4,-5.98,0,0.0582,0.227,0.0,0.488,0.249,141.83
63,64,Girlfriend,6vC1RB4tgLY2zgKptEYb5V,0.659,0.29,8,-13.456,0,0.0419,0.347,0.0,0.122,0.191,77.536
64,65,WATER. (feat. Bryce Vine),57Zhe3iZ0PGDXm5qpeoXIh,0.705,0.759,11,-4.547,0,0.156,0.0686,0.000246,0.375,0.625,118.019
65,66,I F*cking Love You,7lYjepjDeboEus0v2nSqu5,0.66,0.761,5,-5.864,1,0.0502,0.153,0.0,0.0922,0.356,107.016
66,67,crushed.zip,11ldKuHFoIe2onUknizn55,0.612,0.911,0,-5.183,1,0.0339,0.0262,4.58e-05,0.115,0.73,127.99
67,68,Kind Of Girl,04cy0BQeW4ZDLspMIfpMLv,0.354,0.532,2,-5.791,1,0.0325,0.0944,0.0,0.375,0.355,73.002
68,69,All Comes Crashing,1gKLWryPONC9dyrx5fX3Dr,0.7,0.686,7,-6.888,0,0.0343,0.00606,0.000345,0.447,0.302,111.021
69,70,F*****g Up What Matters,5Asn2tpsfEpP4h5iio8lL5,0.596,0.487,7,-8.879,1,0.143,0.0321,0.0,0.112,0.506,174.906
70,71,Where Are You Now? (feat. girlhouse),7wDCuLAQtfq7HHoVOpGsTK,0.59,0.485,2,-6.62,1,0.0268,0.0809,0.0,0.331,0.291,81.497
71,72,weekends,6rCgN00t4al5TAqo4pNGOk,0.616,0.697,4,-5.4,0,0.0693,0.316,0.0,0.142,0.308,146.639
72,73,Teardrops (feat. Majid Jordan),0pPpcDDIiVBeBS5jBecnSC,0.603,0.899,6,-4.784,0,0.0288,0.00113,0.00647,0.0782,0.705,125.001
73,74,BOMBAY,38YVgO1TvyosaSZ7Kd8AIA,0.886,0.508,4,-12.281,0,0.128,0.298,0.241,0.0872,0.41,118.025
74,75,The World Is Yours,5GOScDxUt3v3UP0SqfFwXJ,0.638,0.666,7,-4.02,0,0.0714,0.0877,0.0,0.325,0.23,83.941
75,76,So Lonely (feat. Wale),63jFLwoiTa07SfdXvAxNLC,0.762,0.839,0,-6.044,1,0.0426,0.536,0.00657,0.567,0.947,114.974
76,77,With you,2gzhQaCTeNgxpeB2TPllyY,0.532,0.426,3,-6.117,1,0.0288,0.639,0.0,0.134,0.137,149.898
77,78,the AUDACITY,7zrVdaTYQS4QDw7DvETwvL,0.369,0.87,1,-5.283,1,0.246,0.0388,0.0,0.0919,0.422,174.101
78,79,I HATE SUNDAY,4yWwiHbmOkDCZpUw8SYCMF,0.595,0.744,11,-5.544,1,0.0339,0.0688,0.0,0.138,0.245,100.017
79,80,MEAN!,0KQRhak4Irr2CKxgQ9U6ay,0.56,0.436,7,-8.761,1,0.491,0.918,0.0,0.093,0.402,117.907
80,81,CHAMPAGNE,07FODcDcgXtr42gXgQ9D0M,0.535,0.792,6,-5.1,1,0.049,0.107,0.000129,0.0904,0.541,172.03
81,82,Nobody But Me (feat. Cold War Kids),4DMDtsHojzFgAKbtFYKoJ9,0.639,0.925,0,-2.884,1,0.061,0.0266,0.000187,0.721,0.652,110.001
82,83,Jaguar,2CjNQ2T7fSfp45CWb3dh85,0.385,0.845,9,-5.585,0,0.174,0.0306,0.0,0.868,0.421,93.338
83,84,Phoenix,05oDQ0AKZbqbe9XDULlLvb,0.689,0.712,5,-7.924,0,0.107,0.0377,0.0,0.146,0.77,127.993
84,85,Rich,2Gh6kOnozibGZC0iTEWMiE,0.805,0.716,11,-6.611,0,0.11,0.121,0.00458,0.122,0.368,102.024
85,86,Bottom of the Ocean,2aZd0oQUnICyk3KYFbBaW1,0.455,0.537,7,-9.043,1,0.0482,0.078,0.0,0.154,0.291,165.864
86,87,lily's backyard,65doEMocPQeWN2dhCcrec5,0.524,0.619,9,-5.648,1,0.0453,0.0131,0.000839,0.464,0.53,179.995
87,88,Angst,0UuNO0yYvsMPlyLF7RfQlg,0.639,0.86,11,-4.27,1,0.069,0.000306,0.00549,0.0507,0.328,112.025
88,89,Ghetto Praise,1kAQDi1RFgIZ1ZvQMJ2bR6,0.684,0.612,6,-8.008,0,0.328,0.0542,9.71e-06,0.396,0.326,160.041
89,90,Everything!,31NiKq79oMhpyjc2R9Ggbg,0.629,0.59,0,-10.219,1,0.0928,0.00309,0.0,0.272,0.331,140.132
90,91,This Time,6M5BJRrk7SFQZca78gd7u7,0.736,0.461,1,-8.004,1,0.0516,0.656,2.25e-06,0.121,0.706,80.77
91,92,Runaway,6kPHSByksvzjIq16gbBeQ3,0.35,0.194,8,-12.845,0,0.033,0.788,0.0,0.0865,0.232,89.213
92,93,Every Song I Ever Wrote,3MGPk4icRXf24OL6RlYhDX,0.658,0.738,3,-4.682,1,0.0257,0.101,0.00255,0.113,0.585,112.03
93,94,LOVE,6M0njKf2lLXtFwB6XhFUgc,0.68,0.776,5,-2.745,0,0.0879,0.0966,0.0,0.0789,0.81,96.013
94,95,4PF,1ijXnrufGNYg0LpSFVSsrf,0.697,0.464,8,-8.993,0,0.404,0.0829,0.0,0.115,0.208,156.254
95,96,Used To It,2MmRAKkM9o3qqa3ncvMlvK,0.732,0.485,6,-7.736,0,0.163,0.663,0.0,0.0897,0.61,96.044
96,97,STRANGERS,3n3I3sKUWgpcPBKEwgVebY,0.564,0.308,0,-8.331,1,0.0533,0.707,0.00159,0.646,0.266,74.919
97,98,Right On Time,3JF3flDpns4Djyjw7qkLlX,0.632,0.808,5,-4.759,1,0.0397,0.0293,2.01e-05,0.0833,0.597,93.982
98,99,Thanks Again,6ilACBUGWBHjHugUdYzhtT,0.516,0.313,5,-8.853,1,0.029,0.834,1.02e-05,0.143,0.237,120.18
99,100,Don't You Ever Give Me Up!,4aU3T2nevnWJjiexY19nou,0.527,0.724,0,-8.213,1,0.0702,0.0226,0.000981,0.128,0.59,168.887
100,100,Don't You Ever Give Me Up!,4aU3T2nevnWJjiexY19nou,0.527,0.724,0,-8.213,1,0.0702,0.0226,0.000981,0.128,0.59,168.887
